0,0,0,0,0,0,0
1.5709,2.7628,19.518,2.6387,19.257,0.034542,2
4.8378,3.0299,19.934,12.603,19.236,0.44949,1
7.9388,3.1167,19.962,3.2557,177.75,0.85931,1
11.079,3.2492,19.901,2.9075,326.37,1.0206,1
14.239,2.9467,19.929,2.5837,361.5,1.1652,1
17.377,2.9185,19.993,2.6428,413.14,1.3019,1
20.427,2.7436,19.999,2.9075,442.8,1.4429,1
23.549,2.6594,20.017,3.0215,460.84,1.5972,1
26.688,2.6621,19.871,3.1885,454.48,1.7596,1
29.823,2.6544,19.928,2.6937,473.69,1.9133,1
33.01,2.6608,19.966,2.9421,479.54,2.063,1
36.125,2.6436,19.934,2.6244,481.05,2.2075,1
39.158,2.6322,19.951,3.0725,477.52,2.3515,1
42.293,2.6508,19.883,2.8138,479.91,2.5053,1
45.462,2.6614,19.843,2.8281,486.96,2.6543,1
48.563,2.6582,19.909,2.8831,480.74,2.8019,1
51.668,2.7009,19.881,2.6652,479.42,2.9454,1
54.831,2.6984,19.917,2.8118,481.39,3.0897,1
57.967,2.6939,19.99,2.6163,482.31,3.2316,1
61.017,2.7184,19.878,2.7181,481.95,3.3672,1
64.039,2.6655,19.916,2.6815,485.21,3.5032,1
67.019,2.7174,19.966,2.714,459.23,3.6371,1
70.076,2.6786,19.934,2.7568,473.32,3.7766,1
73.217,2.735,19.934,2.7161,472.14,3.9198,1
76.406,2.7148,19.949,2.8281,479.27,4.0671,1
79.521,2.6561,19.964,2.8973,481.03,4.2157,1
82.618,2.718,19.864,2.9543,474.67,4.3667,1
85.689,2.6627,19.954,3.0195,483.94,4.5196,1
88.846,2.7263,19.879,2.714,477.28,4.6705,1
91.984,2.6647,19.904,2.6692,475.52,4.8113,1
95.139,2.7219,19.866,2.9666,477.03,4.9595,1
98.265,2.69,19.919,2.602,477.95,5.1045,1
101.38,2.7195,19.973,2.5023,473.65,5.2372,1
104.45,2.6773,20.033,2.7772,474.61,5.3719,1
107.62,2.7111,19.943,3.156,474.46,5.529,1
110.78,2.6799,19.95,2.7609,470.79,5.6847,1
113.77,2.7131,19.933,2.6876,479.87,5.8206,1
116.92,2.7065,19.916,2.7629,474.46,5.9633,1
119.98,2.6824,19.934,2.8118,474.54,6.1055,1
123.05,2.7091,19.917,2.9564,466.59,6.2534,1
126.22,2.671,20.019,2.8709,470.28,6.4069,1
129.33,2.7124,19.963,2.8423,472.3,6.5551,1
132.47,2.6876,19.981,2.9095,468.65,6.7056,1
135.56,2.6643,19.943,2.8159,471.96,6.8533,1
138.67,2.7008,19.934,2.7548,475.03,6.9977,1
141.92,2.6892,19.929,2.7426,471.87,7.1464,1
145.08,2.6952,20.005,2.8586,472.16,7.2938,1
148.2,2.6899,19.919,2.9808,473.36,7.4459,1
151.37,2.6828,19.986,2.6143,475.63,7.5936,1
154.5,2.7104,19.98,2.6978,471.91,7.7323,1
157.63,2.6735,19.961,2.6855,470.85,7.8725,1
160.74,2.7066,19.922,2.7161,471.98,8.0126,1
163.93,2.6984,20.003,2.714,471.98,8.1568,1
167.04,2.6806,19.959,2.9849,473.95,8.3043,1
170.17,2.6813,19.988,3.0928,475.77,8.4631,1
173.27,2.666,19.95,2.712,476.69,8.6129,1
176.32,2.6697,20.08,2.7874,477.75,8.753,1
179.13,2.6627,19.988,2.6998,472.71,8.8814,1
182.28,2.6869,19.994,2.7487,476.54,9.0243,1
185.45,2.6856,19.987,2.8016,479.93,9.1708,1
188.61,2.6742,20.066,2.8281,477.58,9.3194,1
191.7,2.6959,20.098,2.5532,475.89,9.4576,1
194.6,2.6687,20.074,2.8607,472.26,9.5887,1
197.67,2.6554,20.177,3.1621,472.65,9.7425,1
200.67,2.6738,20.105,2.7914,473.24,9.8914,1
203.65,2.7301,20.112,2.7874,474.12,10.03,1
206.67,2.7091,20.019,2.7487,472.79,10.169,1
209.77,2.718,20.083,2.6998,474.69,10.31,1
212.87,2.7236,20.309,22.16,154.87,10.953,1
215.98,2.7403,20.079,46.363,425.74,12.725,1
218.93,2.732,20.28,50.66,450.87,15.11,1
222.01,2.7621,20.301,54.114,415.36,17.806,1
225.15,2.7443,20.397,70.491,152.87,21.059,1
228.25,2.7153,20.538,92.579,19.583,25.28,1
231.39,2.5527,20.588,116.34,343.37,30.735,1
234.49,2.0672,20.252,124.62,362.6,36.961,1
237.63,1.3419,20.216,124.08,369.65,43.481,1
240.78,0.94367,20.566,124.45,384.25,49.995,1
243.92,1.2818,20.243,124.56,385.47,56.523,1
247.04,1.7612,20.092,124.38,382.9,62.981,1
250.16,2.0092,20.4,124.4,322.78,69.463,1
253.34,2.0036,20.401,124.11,336.32,76.044,1
256.39,1.9215,20.335,124.13,343.13,82.362,1
259.6,2.0784,20.363,125.02,358.64,89.014,1
262.73,2.1283,20.727,124.17,350.96,95.526,1
265.81,2.0915,20.539,124.95,333,101.9,1
268.77,2.1828,20.472,124.03,337.73,108.06,1
271.91,2.1951,20.823,124.15,335.63,114.55,1
275.08,2.169,20.463,124.16,367.06,121.1,1
278.13,2.1151,20.663,124.15,345.37,127.42,1
281.23,2.2924,20.892,124.28,334.59,133.84,1
284.38,2.3389,20.614,124.25,332.49,140.37,1
