0,0,0,0,0,0,0
1.5951,2.5285,21.168,112.14,360.84,1.4906,1
4.8437,2.4772,21.008,112.73,363.82,7.5781,1
8.0477,2.5395,21.061,111.46,350.67,13.564,1
10.954,2.4798,21.251,110.65,368.25,18.943,1
13.977,2.5408,21.114,110.18,362.09,24.507,1
17.1,2.5395,20.901,109.54,363.72,30.225,1
20.169,2.501,20.922,109.15,361.76,35.817,1
23.272,2.4888,21.409,108.67,375.32,41.45,1
26.374,2.4896,21.163,108.21,368.43,47.056,1
29.501,2.5577,21.008,108.25,357.22,52.697,1
32.612,2.6095,21.23,107.16,343.11,58.281,1
35.714,2.3983,21.447,107.69,368.06,63.835,1
38.872,2.619,21.197,107.25,366.41,69.492,1
41.87,2.5971,21.232,106.76,362.35,74.839,1
45.073,2.6562,21.608,106.54,358.5,80.532,1
48.207,2.6084,21.359,106.93,357.13,86.108,1
51.251,2.5901,21.507,105.09,380.68,91.485,1
54.349,2.6753,21.779,106.41,372.65,96.946,1
57.524,2.6589,21.399,105.53,370.49,102.55,1
60.523,2.6269,21.444,104.58,380.34,107.81,1
63.536,2.6114,21.726,104.87,372.12,113.06,1
